1716588102280 3.474335429765014 1
1716588148869 2.8222697001022063 2
1716588195050 2.169926916644263 3
1716588241753 1.7029578425863912 4
1716588289528 1.2971032077887419 5
1716588345322 2.1625261623213796 6
1716588402078 3.226248125658869 7
1716588451149 3.982983724394841 8
1716588500600 3.627116280959359 9
1716588548864 3.0270455586376475 10
1716588601108 2.897365399388108 11
1716588650533 2.880266324924762 12
1716588700453 2.6586875442757028 13
1716588757408 2.3350299393444427 14
1716588806693 2.9416361378708373 15
1716588856291 3.275580957373068 16
