1716588102271 0.2884163780789227 1
1716588148862 0.61845129146191 2
1716588195043 0.9942481758942736 3
1716588241746 1.1498825955492602 4
1716588289520 1.2888525000958047 5
1716588345313 0.5150790921628856 6
1716588402069 0.30496641886291476 7
1716588451140 0.25148596922789557 8
1716588500593 0.37542351294777543 9
1716588548855 0.5286264688745618 10
1716588601099 0.5961070672821388 11
1716588650524 0.5483587924669038 12
1716588700445 0.6408831095898838 13
1716588757401 0.5826919051661674 14
1716588806687 0.4280884150884299 15
1716588856282 0.4489212997877267 16
