1716590317012 3.1890290028759156 1
1716590359552 2.651451805888463 2
1716590402075 2.8232880478093363 3
1716590445639 2.4419928160684705 4
1716590489984 1.6391903546446167 5
1716590534565 1.7922432809305597 6
1716590579204 2.60302078876414 7
1716590624531 2.980030018891861 8
1716590669731 3.105243737382421 9
1716590714914 2.8812382064902704 10
1716590760852 2.650263597461969 11
1716590806866 2.9578492938836756 12
1716590852725 3.313236223100853 13
1716590899238 3.2185525505273325 14
1716590945115 3.354096650823093 15
1716590991455 3.11642739564371 16
1716591037611 3.029193687540636 17
1716591083757 2.8591248889975964 18
1716591130181 2.8348178314501795 19
1716591176844 2.7030159869173698 20
