1716590317004 0.3375445086010563 1
1716590359546 0.5346073118536901 2
1716590402068 0.6156887716766614 3
1716590445629 0.9234555129652847 4
1716590489977 1.08423911918328 5
1716590534557 0.9053028894544665 6
1716590579196 0.6257827951868714 7
1716590624523 0.4816865163809582 8
1716590669725 0.48009685132263313 9
1716590714906 0.5619864928633419 10
1716590760845 0.5280523173717547 11
1716590806858 0.49027523094974856 12
1716590852717 0.47119899122699743 13
1716590899228 0.4535717212918725 14
1716590945107 0.40312679276378677 15
1716590991448 0.46828909067393365 16
1716591037603 0.4899626917231566 17
1716591083749 0.49940971412193547 18
1716591130171 0.48984894024601366 19
1716591176836 0.5114303304315376 20
